0.000000, 0.000000
0.000000, 0.000000
0.000000, 0.000000
0.000000, 0.000000
0.000000, 0.000000
0.000000, 0.000000
0.000000, 0.000000
0.000000, 0.000000
0.000000, 0.000000
0.000000, 0.000000
0.000000, 0.000000
0.000000, 0.000000
0.000000, 0.000000
0.000000, 0.000000
0.000000, 0.000000
0.000000, 0.000000
0.000000, 0.000000
0.000000, 0.000000
0.000000, 0.000000
0.000000, 0.000000
0.000000, 0.000000
0.000000, 0.000000
0.000000, 0.000000
0.000000, 0.000000
0.000000, 0.000000
0.000000, 0.000000
0.000000, 0.000000
0.000000, 0.000000
0.000000, 0.000000
0.000000, 0.000000
0.000000, 0.000000
0.000000, 0.000000
0.000000, 0.000000
0.000000, 0.000000
0.000000, 0.000000
0.000000, 0.000000
0.000000, 0.000000
0.000000, 0.000000
0.000000, 0.000000
0.000000, 0.000000
0.000000, 0.000000
0.000000, 0.000000
0.000000, 0.000000
0.000000, 0.000000
0.000000, 0.000000
0.000000, 0.000000
0.000000, 0.000000
0.000000, 0.000000
0.000000, 0.000000
0.000000, 0.000000
0.000000, 0.000000
0.000000, 0.000000
0.000000, 0.000000
0.000000, 0.000000
0.000000, 0.000000
0.000000, 0.000000
0.000000, 0.000000
0.000000, 0.000000
0.000000, 0.000000
0.000000, 0.000000
0.000000, 0.000000
0.000000, 0.000000
0.000000, 0.000000
0.000000, 0.000000
0.000000, 0.000000
0.000000, 0.000000
0.000000, 0.000000
0.000000, 0.000000
0.000000, 0.000000
0.000000, 0.000000
0.000000, 0.000000
0.000000, 0.000000
0.000000, 0.000000
0.000000, 0.000000
0.000000, 0.000000
0.000000, 0.000000
0.000000, 0.000000
0.000000, 0.000000
0.000000, 0.000000
0.000000, 0.000000
0.000000, 0.000000
0.000000, 0.000000
0.000000, 0.000000
0.000000, 0.000000
0.000000, 0.000000
0.000000, 0.000000
282.500000, 341.747449
282.500000, 341.823828
282.500000, 341.800253
282.500000, 341.800757
282.500000, 341.796226
282.500000, 341.813049
282.500000, 341.813049
282.500000, 341.813049
282.500000, 341.862328
282.500000, 341.864090
282.500000, 341.848070
282.500000, 341.843284
282.500000, 341.848635
282.500000, 341.824040
282.500000, 341.809406
282.500000, 341.812346
282.484886, 341.814929
282.500000, 341.817509
282.500000, 341.796798
282.500000, 341.816728
282.500000, 341.816728
282.500000, 341.807362
282.500000, 341.807362
282.500000, 341.807362
282.500000, 341.807362
282.500000, 341.818627
282.500000, 341.818627
282.500000, 341.818627
282.500000, 341.818627
283.429707, 341.856968
284.361026, 341.901038
285.314758, 341.925903
286.207086, 341.971289
287.173382, 341.988400
288.076782, 342.000000
289.006083, 342.031022
289.986602, 342.048721
290.893423, 342.066991
291.795107, 342.052599
292.684982, 342.141636
293.634146, 342.151829
294.555556, 342.207570
295.500000, 342.247561
296.458155, 342.243739
297.410006, 342.297743
298.380256, 342.322364
299.320560, 342.370438
300.251217, 342.389294
301.133131, 342.435866
302.057178, 342.470195
302.906991, 342.493009
303.798539, 342.508217
304.729433, 342.524680
305.661998, 342.577345
306.616229, 342.638194
307.576736, 342.670524
308.533171, 342.676811
309.471341, 342.724390
310.423946, 342.719609
311.342073, 342.779878
312.300977, 342.816239
313.168093, 342.852078
314.073780, 342.896951
315.013398, 342.902558
315.982349, 342.939136
316.895313, 342.968959
317.820403, 343.000000
318.776622, 343.000000
319.703478, 343.005491
320.597680, 343.082418
321.534472, 343.092129
322.473138, 343.128205
323.405488, 343.126829
324.336585, 343.159146
325.300977, 343.183761
326.222494, 343.168093
327.108735, 343.168601
328.055556, 343.197192
328.985339, 343.253513
329.852529, 343.344912
330.743761, 343.377358
331.674376, 343.401704
332.652439, 343.437805
333.608166, 343.470445
334.549390, 343.523171
335.485662, 343.574741
336.435710, 343.589884
337.383771, 343.638194
338.355271, 343.635588
339.305539, 343.674985
340.157702, 343.750611
341.055556, 343.802808
341.992063, 343.842491
342.902379, 343.864552
343.831907, 343.852078
344.764994, 343.893513
345.686011, 343.890654
346.610738, 343.910921
347.558267, 343.915192
348.496034, 343.965833
349.405735, 344.031117
350.362637, 344.058608
351.273671, 344.072694
352.204893, 344.052599
353.104268, 344.101829
354.058501, 344.104205
355.000000, 344.103595
355.920635, 344.152015
356.801829, 344.194512
357.699147, 344.292326
358.633374, 344.328258
359.616229, 344.361806
360.564290, 344.410116
361.500000, 344.429792
362.442413, 344.487508
363.378197, 344.523752
364.338002, 344.577345
365.312234, 344.618990
366.191230, 344.644945
367.072517, 344.742840
368.010379, 344.822344
368.920635, 344.847985
369.847282, 344.851558
370.788120, 344.861604
371.691932, 344.878973
372.624542, 344.905372
373.570208, 344.907204
374.507617, 344.989031
375.452381, 345.075702
376.389262, 345.089079
377.313989, 345.109346
378.268949, 345.150367
379.168093, 345.147922
380.079365, 345.152015
381.015263, 345.216117
381.890987, 345.348356
382.793061, 345.425441
383.714373, 345.477467
384.669306, 345.552984
385.614634, 345.625610
386.575702, 345.706960
387.500000, 345.843712
387.313989, 345.890654
386.500000, 345.866748
385.676829, 345.818902
384.905315, 345.849114
384.125533, 345.722730
383.355271, 345.635588
382.500000, 345.601705
381.630938, 345.500000
380.853584, 345.467801
380.140768, 345.383303
379.380256, 345.322364
378.500000, 345.247561
377.686394, 345.190970
376.926220, 345.103049
376.096892, 345.076782
375.348809, 345.064142
374.515244, 345.000000
373.772477, 344.987768
372.967113, 344.937881
372.104268, 344.898171
371.348171, 344.831098
370.541845, 344.756261
369.645338, 344.705058
368.890987, 344.651644
368.205238, 344.587089
367.375381, 344.557587
366.555420, 344.500000
365.704200, 344.468046
364.904443, 344.400487
364.214982, 344.370889
363.395122, 344.325610
362.528659, 344.275610
361.686394, 344.190970
360.954184, 344.130116
360.143468, 344.133700
359.367297, 344.117755
358.561318, 344.103112
357.792914, 344.028711
356.984195, 344.021277
356.179597, 344.000000
355.350000, 343.964024
354.558267, 343.915192
353.789120, 343.959046
352.986618, 343.927007
352.151404, 343.920635
351.384756, 343.864634
350.552166, 343.841977
349.723105, 343.828851
348.984137, 343.874924
348.218559, 343.823565
347.443765, 343.751834
346.556235, 343.751834
345.721341, 343.788415
344.974954, 343.818571
344.267520, 343.759902
343.424298, 343.706960
342.575702, 343.706960
341.709501, 343.728989
340.985357, 343.771202
340.272229, 343.747868
339.424298, 343.706960
338.556506, 343.739157
337.727883, 343.799878
337.000000, 343.831605
336.218559, 343.823565
335.418193, 343.796093
334.565934, 343.836386
333.792407, 343.884874
332.986602, 343.902558
332.181319, 343.963980
331.387057, 343.939560
330.609652, 344.010385
329.807082, 344.023810
328.986618, 344.072993
328.211880, 344.138396
327.440440, 344.235797
326.589994, 344.297743
325.716027, 344.385131
325.041438, 344.491164
324.312424, 344.591961
323.424298, 344.706960
322.634146, 344.848171
321.826618, 344.988400
321.032887, 345.062119
320.346740, 345.232176
319.514338, 345.425259
318.645161, 345.679854
317.986618, 345.927007
317.215422, 346.126071
316.485662, 346.425259
315.721442, 346.859499
315.072039, 347.175824
314.485052, 347.840757
314.093009, 348.493009
313.727717, 349.187424
313.651191, 350.064142
313.618293, 350.886585
313.631707, 351.710976
313.741012, 352.502133
313.985339, 353.253513
314.179597, 354.062309
314.429792, 354.907204
314.620732, 355.690244
314.894769, 356.485401
315.300977, 357.183761
315.535409, 357.960928
315.862469, 358.849633
316.274056, 359.500000
316.541845, 360.243739
316.886724, 360.988429
317.355488, 361.731098
317.595732, 362.434146
318.000000, 363.103595
318.401829, 363.903659
318.686358, 364.631547
319.235688, 365.347138
319.570208, 366.092796
319.984137, 366.874924
320.378197, 367.476248
320.734557, 368.162691
321.210880, 368.959046
321.595978, 369.642901
322.058572, 370.234899
322.500000, 371.046398
322.921149, 371.814792
323.379878, 372.397561
323.795107, 373.052599
324.276895, 373.828851
324.630938, 374.500000
325.089744, 375.124542
325.526862, 375.871795
326.000000, 376.569782
326.458155, 377.243739
326.921999, 377.933577
327.398537, 378.619135
327.758074, 379.203534
328.257178, 379.981063
328.655088, 380.656307
329.300853, 381.292326
329.703478, 381.994509
330.203534, 382.680683
330.589884, 383.322974
331.119439, 384.000000
331.562462, 384.675198
332.059182, 385.278829
332.515244, 386.000000
333.000000, 386.742665
333.467722, 387.310597
333.990279, 387.990279
334.451888, 388.679659
334.941428, 389.234899
335.420635, 389.965812
335.890987, 390.651644
336.424298, 391.293040
336.940317, 391.972594
337.429963, 392.623021
337.920635, 393.152015
338.429792, 393.907204
338.866261, 394.539210
339.466138, 395.177547
339.971359, 395.901280
340.463132, 396.440585
340.986618, 397.072993
341.500000, 397.752439
342.072473, 398.359318
342.594265, 398.968883
343.270567, 399.524680
342.911030, 398.898842
342.453659, 398.146341
341.920925, 397.487835
341.500000, 396.843712
340.645161, 395.679854
339.880243, 394.518541
339.251217, 393.389294
338.443765, 392.248166
337.618293, 391.113415
336.857317, 389.988415
336.089744, 388.875458
335.394143, 387.687004
334.567073, 386.562805
333.743761, 385.377358
333.068944, 384.142770
332.343311, 383.102016
331.558267, 381.915192
330.762691, 380.835474
330.077906, 379.652465
329.345732, 378.484146
328.533171, 377.323189
327.734557, 376.162691
327.000000, 375.042605
326.301956, 373.898533
325.500000, 372.752439
324.674376, 371.598296
324.000000, 370.430218
323.331098, 369.265854
322.500000, 368.133252
321.790826, 366.995107
321.000000, 365.896405
320.353837, 364.692448
319.500000, 363.570208
318.644729, 362.364412
318.000000, 361.103595
317.207086, 360.028711
316.489310, 358.891875
315.686394, 357.809030
314.976277, 356.610706
314.297808, 355.455542
313.486289, 354.278489
312.691932, 353.121027
311.990279, 351.990279
311.278558, 350.859499
310.486289, 349.721511
309.690998, 348.538321
308.988436, 347.381619
308.300977, 346.183761
307.489310, 345.108125
306.789120, 343.959046
305.984137, 342.874924
305.338818, 341.614260
304.485662, 340.425259
303.657734, 339.287454
303.000000, 338.103595
302.209174, 337.004893
301.500000, 335.866748
300.657734, 334.712546
300.000000, 333.520706
299.338818, 332.385740
298.500000, 331.247561
297.789120, 330.040954
297.000000, 328.957395
296.300977, 327.816239
295.502739, 326.614121
294.704200, 325.468046
294.014643, 324.228798
293.308068, 323.121027
292.500000, 321.978049
291.721442, 320.859499
291.017705, 319.758852
290.323798, 318.541692
289.500000, 317.348356
288.736714, 316.177153
288.013398, 315.048721
287.320489, 313.906422
286.541845, 312.756261
285.716027, 311.614869
285.069301, 310.437690
284.368293, 309.289024
283.526862, 308.128205
282.820403, 307.000000
282.058501, 305.895795
281.379268, 304.690244
280.552375, 303.524361
279.728380, 302.377588
279.068944, 301.142770
278.324176, 300.033578
277.574390, 298.890244
276.770922, 297.818571
276.111246, 296.581763
275.379415, 295.409866
274.556235, 294.248166
273.849298, 293.061013
273.084653, 291.980512
272.373626, 290.827228
271.589884, 289.677026
270.786845, 288.500000
270.150610, 287.307317
269.377059, 286.160464
268.628205, 285.039683
267.907430, 283.911084
267.156803, 282.804149
266.412553, 281.576478
265.601463, 280.380865
264.891941, 279.144689
264.161684, 278.045149
263.402320, 276.917582
262.610976, 275.794512
261.883069, 274.632765
261.215460, 273.487523
260.424298, 272.293040
259.651191, 271.122175
258.943971, 269.988429
258.200000, 268.874006
257.451829, 267.704878
256.631932, 266.533211
255.901340, 265.372107
255.248778, 264.172983
254.456654, 263.081807
253.686011, 261.890654
252.977398, 260.838729
252.320560, 259.586375
251.485679, 258.402803
250.655278, 257.259915
249.986618, 256.072993
249.209174, 254.995107
248.500000, 253.843712
248.313989, 254.109346
248.629652, 255.139719
249.000000, 256.103595
249.454823, 257.231380
249.742683, 258.203659
250.305302, 259.267520
250.589994, 260.297743
251.059182, 261.278829
251.500000, 262.348356
251.883069, 263.367235
252.390854, 264.350610
252.716027, 265.385131
253.325624, 266.401704
253.633760, 267.403413
254.200122, 268.436740
254.564290, 269.410116
255.095441, 270.425532
255.500000, 271.398295
255.930699, 272.437690
256.464351, 273.418647
256.839101, 274.471767
257.404268, 275.434146
257.785018, 276.456760
258.352834, 277.425960
258.695308, 278.444241
259.338002, 279.422655
259.676811, 280.426050
260.320560, 281.413625
260.659562, 282.398295
261.299026, 283.387333
261.644729, 284.364412
262.271620, 285.377588
262.619744, 286.322364
263.278319, 287.337393
263.619744, 288.322364
264.277101, 289.276492
264.631707, 290.289024
265.257317, 291.203659
265.668700, 292.211104
266.285889, 293.181429
266.699023, 294.183761
267.301587, 295.163614
267.774924, 296.116208
268.325397, 297.117827
268.824679, 298.047648
269.377900, 299.080586
269.872029, 300.015235
270.399144, 301.000000
270.984195, 301.978723
271.500000, 302.900978
272.013382, 303.927007
272.557047, 304.862721
273.128127, 305.865772
273.686394, 306.809030
274.306334, 307.778928
274.710286, 308.716372
275.395122, 309.674390
275.890511, 310.594282
276.485662, 311.574741
277.093009, 312.493009
277.589384, 313.403295
278.284845, 314.371272
278.669306, 315.291108
279.383678, 316.227162
279.941499, 317.104205
280.526862, 318.128205
281.127971, 319.015235
281.761468, 319.997554
282.343311, 320.897984
282.926220, 321.896951
283.514948, 322.755339
284.179878, 323.686585
284.674376, 324.598296
285.385131, 325.487508
285.987842, 326.397568
286.589994, 327.297743
287.300977, 328.183761
287.922608, 329.090798
288.524100, 330.030506
289.181319, 330.963980
289.831907, 331.852078
290.486289, 332.721511
291.200122, 333.563260
291.729433, 334.475320
292.485384, 335.291108
293.168093, 336.147922
293.822453, 337.023795
294.558267, 337.915192
295.285889, 338.818571
295.895922, 339.639684
296.621803, 340.476248
297.409146, 341.310366
298.073780, 342.103049
298.820403, 343.000000
299.538415, 343.810366
300.355271, 344.635588
301.095557, 345.400487
301.831907, 346.147922
302.618437, 347.000000
303.418193, 347.796093
304.260817, 348.545399
304.985357, 349.228798
305.807082, 350.023810
306.570470, 350.824283
307.463132, 351.559415
308.313606, 352.190970
309.177547, 352.976205
310.011564, 353.618381
310.912645, 354.174710
311.822453, 354.976205
312.667276, 355.565509
313.623780, 356.128049
314.541845, 356.756261
315.528659, 357.275610
316.500000, 357.843712
318.538415, 358.810366
320.620732, 359.690244
322.759902, 360.477148
325.000000, 361.103595
327.276895, 361.828851
329.437538, 362.324802
331.645299, 362.889499
333.918243, 363.250153
336.227578, 363.813301
338.438682, 364.103112
340.642073, 364.414024
342.974969, 364.805861
345.194988, 365.000000
347.528083, 365.238095
349.712371, 365.464960
352.121877, 365.644729
354.396825, 365.810745
356.637363, 365.941392
358.971359, 366.049970
361.265443, 366.162691
363.514948, 366.244661
365.717418, 366.294762
368.146163, 366.371498
370.435710, 366.410116
372.637805, 366.435976
374.942822, 366.470195
377.317905, 366.437881
379.535649, 366.418647
381.793061, 366.425441
384.180987, 366.364412
386.437538, 366.324802
388.653260, 366.232176
391.000000, 366.103595
393.313989, 366.109346
395.594265, 366.031117
397.852529, 365.971968
400.160245, 365.862997
402.461867, 365.714460
404.661998, 365.577345
407.027947, 365.438639
409.368517, 365.276388
411.557047, 365.137279
413.851129, 365.000000
416.168093, 364.852078
418.437538, 364.675198
420.669306, 364.447016
423.000000, 364.181098
425.285452, 364.045844
427.550672, 363.874237
429.819013, 363.673979
432.193431, 363.459246
434.432581, 363.199512
436.703478, 362.994509
438.977398, 362.838729
441.292683, 362.500000
443.514948, 362.244661
445.805012, 362.000000
448.056132, 361.790116
450.379878, 361.397561
452.598171, 361.096341
454.494197, 360.832010
453.000000, 360.896405
451.500000, 360.882784
450.000000, 360.957395
448.507617, 360.989031
447.006083, 361.031022
445.561318, 361.103112
444.013398, 361.097442
442.546341, 361.146341
441.068944, 361.142770
439.541845, 361.243739
438.055488, 361.222561
436.562462, 361.324802
435.125457, 361.384287
433.564290, 361.410116
432.201461, 361.491783
430.608166, 361.529555
429.193431, 361.540754
427.601463, 361.619135
426.191230, 361.644945
424.605857, 361.687004
423.227439, 361.800610
421.645516, 361.772422
420.168093, 361.852078
418.656498, 361.862721
417.179597, 361.937691
415.671961, 361.919976
414.188760, 361.988393
412.746333, 362.000000
411.194988, 362.000000
409.753207, 362.036042
408.210880, 362.040954
406.691932, 362.121027
405.278558, 362.140501
403.699023, 362.183761
402.300977, 362.183761
400.693666, 362.221072
399.368293, 362.289024
397.679440, 362.327251
396.355271, 362.364412
394.700974, 362.387333
393.357927, 362.414024
391.729433, 362.475320
390.369062, 362.500000
388.756098, 362.500000
387.380488, 362.569512
385.793061, 362.574559
384.383771, 362.638194
382.808770, 362.644945
381.410116, 362.677026
379.833842, 362.761148
378.423946, 362.719609
376.877825, 362.850336
375.418193, 362.796093
373.902379, 362.864552
372.434066, 362.836386
370.926220, 362.896951
369.449328, 362.874237
367.963437, 362.925655
366.429792, 362.907204
364.986602, 362.951279
363.467318, 362.927306
361.984195, 362.978723
360.484756, 363.000000
358.990279, 363.009721
357.487477, 363.053757
356.000000, 363.042605
354.500000, 363.099022
353.000000, 363.042605
351.500000, 363.117216
350.013382, 363.072993
348.511912, 363.125229
347.013398, 363.097442
345.526862, 363.128205
344.013398, 363.097442
342.546341, 363.146341
341.043293, 363.102439
339.552166, 363.158023
338.058501, 363.104205
336.565934, 363.163614
335.089744, 363.124542
333.570470, 363.175717
332.097621, 363.135448
330.570470, 363.175717
329.097621, 363.135448
327.610501, 363.167888
326.128127, 363.134228
324.629652, 363.139719
323.120269, 363.123321
321.623780, 363.128049
320.123171, 363.089024
318.645299, 363.110501
317.165446, 363.057387
315.650367, 363.090465
314.177547, 363.023795
312.713850, 363.021965
311.179597, 363.000000
309.731827, 362.995724
308.192918, 362.976190
306.686011, 362.890654
305.235006, 362.893513
303.708002, 362.826512
302.300977, 362.816239
300.657734, 362.712546
299.347138, 362.624848
297.695308, 362.555759
296.330694, 362.447016
294.687766, 362.381010
293.367907, 362.276388
291.818349, 362.105810
290.310366, 362.000000
288.842395, 361.861332
287.383771, 361.638194
285.879268, 361.265244
284.514948, 360.840757
283.673358, 360.303528
283.089744, 359.875458
282.458155, 359.243739
281.764312, 358.652862
281.223378, 358.000000
280.645161, 357.320146
280.312234, 356.618990
279.789120, 355.959046
279.376220, 355.128049
278.922141, 354.378345
278.574390, 353.599390
278.313606, 352.809030
278.000000, 351.980547
277.696396, 351.133170
277.523143, 350.313642
277.369062, 349.500000
277.176722, 348.648995
277.000000, 347.896405
276.826618, 346.988400
276.726329, 346.072694
276.610976, 345.205488
276.571603, 344.364412
276.514338, 343.574741
276.480512, 342.671133
276.466138, 341.822453
276.456654, 340.918193
276.489310, 340.108125
276.528049, 339.213415
276.562462, 338.324802
276.587553, 337.487492
276.604878, 336.674390
276.699023, 335.816239
276.822453, 334.976205
276.986602, 334.048721
277.068944, 333.142770
277.284845, 332.371272
277.378197, 331.523752
277.466829, 330.676811
277.622941, 329.839536
277.820403, 329.000000
278.000000, 328.103595
278.245122, 327.215854
278.404268, 326.434146
278.557317, 325.640244
278.736714, 324.822847
279.000000, 323.957395
279.239437, 323.094305
279.486289, 322.278489
279.676202, 321.458308
279.965854, 320.687195
280.278558, 319.859499
280.511585, 319.023171
280.762691, 318.164526
281.111517, 317.379037
281.410616, 316.596705
281.675214, 315.800366
281.993917, 314.968978
282.336585, 314.159146
282.607688, 313.338011
282.957447, 312.599392
283.333130, 311.828554
283.689634, 311.000000
284.015863, 310.125076
284.412553, 309.423522
284.645161, 308.679854
285.121877, 307.932358
285.526862, 307.128205
285.890987, 306.348356
286.371725, 305.619744
286.684982, 304.858364
287.181319, 304.036020
287.562462, 303.324802
288.054136, 302.607664
288.473138, 301.871795
288.922608, 301.090798
289.398537, 300.380865
289.775137, 299.684948
290.299145, 298.971306
290.727717, 298.187424
291.330694, 297.552984
291.784578, 296.873929
292.319487, 296.129505
292.729433, 295.475320
293.389024, 294.794512
293.903108, 294.076782
294.435710, 293.410116
294.984137, 292.874924
295.526862, 292.128205
296.201461, 291.491783
296.680513, 290.870495
297.313606, 290.190970
297.874543, 289.615713
298.507617, 289.010969
299.206939, 288.425441
299.749082, 287.841493
300.458155, 287.243739
301.055556, 286.802808
301.721442, 286.140501
302.437538, 285.675198
303.092570, 285.088916
303.743761, 284.622642
304.526862, 284.128205
305.353837, 283.692448
306.000000, 283.146610
306.708002, 282.826512
307.500000, 282.398295
308.223378, 282.000000
309.067032, 281.697136
309.804997, 281.311395
310.676632, 281.006711
311.471341, 280.724390
312.332724, 280.434491
313.108059, 280.144689
313.984195, 280.021277
314.774924, 279.883792
315.590104, 279.727550
316.500000, 279.601705
317.380256, 279.536258
318.274056, 279.500000
319.120219, 279.496053
319.867558, 279.511543
320.697929, 279.568210
321.605857, 279.687004
322.500000, 279.843712
324.365854, 280.151829
326.284845, 280.628728
328.000000, 281.103595
329.758074, 281.796466
331.589994, 282.297743
333.402320, 282.917582
335.275274, 283.578563
336.936469, 284.186316
338.713850, 284.978035
340.451888, 285.679659
342.283973, 286.385131
343.967722, 287.086480
345.645299, 287.889499
347.423264, 288.670524
349.205238, 289.412911
350.871873, 290.134228
352.612943, 290.939560
354.331300, 291.788896
356.057108, 292.554678
357.644729, 293.364412
359.461585, 294.189634
361.179597, 295.000000
362.860806, 295.889499
364.528659, 296.724390
366.285627, 297.522533
367.888483, 298.379037
369.559560, 299.235797
371.328240, 300.104523
372.993917, 300.968978
374.629652, 301.860281
376.368293, 302.710976
378.000000, 303.594775
379.621803, 304.476248
381.395122, 305.325610
383.000000, 306.168395
384.629652, 307.139719
386.348809, 308.064142
387.993917, 308.968978
389.630872, 309.893838
391.333130, 310.828554
392.944444, 311.802808
394.589884, 312.677026
396.340438, 313.601705
397.829179, 314.508207
399.535649, 315.418647
401.283973, 316.385131
402.717511, 317.326419
404.461867, 318.285540
406.079365, 319.152015
407.686394, 320.190970
409.365854, 321.151829
410.986602, 322.097442
412.574390, 323.109756
414.204893, 324.052599
415.818681, 325.036020
417.429792, 326.092796
419.013398, 327.048721
420.643643, 328.075183
422.207086, 329.028711
423.822453, 330.023795
425.438682, 331.103112
427.032887, 332.062119
428.645299, 333.110501
430.260098, 334.093023
431.817125, 335.144343
433.432581, 336.199512
435.007937, 337.157509
436.548171, 338.295122
438.176722, 339.351005
439.656917, 340.410725
441.295800, 341.468046
442.729433, 342.524680
444.407317, 343.664634
445.944444, 344.802808
447.466138, 345.822453
449.013382, 346.927007
450.531746, 348.019536
452.062119, 349.091961
453.556235, 350.248166
455.166463, 351.360366
456.621803, 352.523752
458.180987, 353.673979
459.610501, 354.832112
461.134146, 355.996341
462.560098, 357.151922
464.109013, 358.348356
465.521341, 359.585976
466.976220, 360.864024
468.394383, 361.977411
469.831907, 363.147922
471.292683, 364.500000
472.645516, 365.772422
474.013398, 367.048721
475.423264, 368.329476
476.657734, 369.712546
478.059683, 371.027406
479.402439, 372.414024
480.609385, 373.876295
481.787934, 375.199878
483.023780, 376.864024
484.212066, 378.199878
485.225076, 379.883792
486.243902, 381.500000
487.000000, 383.103595
487.725107, 384.963348
488.218559, 386.823565
488.380256, 388.677636
488.057178, 390.529805
487.285889, 392.181429
486.000000, 393.742665
484.500000, 394.843712
479.022602, 397.161271
473.213325, 398.982885
467.423429, 400.305674
461.514338, 401.425259
455.572561, 402.484756
449.616229, 403.361806
443.666870, 404.171446
437.786675, 404.982885
431.687766, 405.618990
425.727717, 406.187424
419.784578, 406.873929
413.728380, 407.377588
407.834554, 407.942613
401.785018, 408.370889
395.861416, 408.856532
389.847282, 409.148442
383.789410, 409.598904
377.826618, 409.988400
371.816962, 410.196461
365.793061, 410.574559
359.892139, 410.910420
353.887805, 411.077439
347.808770, 411.355055
341.785018, 411.543240
335.835165, 411.843712
329.824679, 411.952352
323.826618, 412.011600
317.817125, 412.144343
311.758074, 412.203534
305.721681, 412.337393
299.716027, 412.385131
293.697929, 412.431790
287.695308, 412.444241
281.676005, 412.389160
275.671333, 412.359708
269.680073, 412.257160
263.723105, 412.171149
257.786675, 412.017115
251.755352, 411.935168
245.644512, 411.731098
239.707317, 411.500000
233.686394, 411.190970
227.725107, 410.963348
221.659562, 410.601705
215.699023, 410.183761
209.699023, 409.816239
203.657734, 409.287454
197.700000, 408.803049
191.786414, 408.063035
185.724726, 407.421437
179.797684, 406.636197
173.944444, 405.802808
168.000000, 404.693293
162.205238, 403.412911
156.334352, 401.931540
150.597680, 400.082418
145.202678, 397.550822
140.500000, 393.843712
139.425610, 391.599390
139.073780, 389.103049
139.500000, 386.727162
140.383771, 384.361806
141.471951, 382.165854
142.789120, 380.040954
144.207086, 378.028711
145.760563, 376.094305
147.443765, 374.248166
149.097324, 372.413017
150.679440, 370.629562
152.522616, 368.883863
154.333130, 367.171446
156.213155, 365.500000
158.000000, 363.896405
159.831907, 362.147922
161.651248, 360.612295
163.609652, 359.010385
165.500000, 357.398295
167.449328, 355.874237
169.409146, 354.310366
171.333130, 352.828554
173.355488, 351.268902
175.285889, 349.818571
177.263863, 348.215113
179.168093, 346.852078
181.254568, 345.287454
183.139194, 343.889499
185.241169, 342.379415
187.177547, 340.976205
189.243902, 339.500000
191.192918, 338.023810
193.312234, 336.618990
195.285889, 335.181429
197.300977, 333.816239
199.355271, 332.364412
201.327439, 330.981098
203.410616, 329.596705
205.447834, 328.158023
207.471951, 326.786585
209.500000, 325.398295
211.596823, 324.012217
213.592683, 322.664634
215.645516, 321.227578
217.691932, 319.878973
219.725944, 318.500000
221.892139, 317.089580
223.931056, 315.857230
226.000000, 314.389903
228.059683, 313.027406
230.179878, 311.686585
232.300853, 310.292326
234.238532, 308.997554
236.390854, 307.649390
238.458155, 306.243739
240.500000, 304.900978
242.564290, 303.589884
244.610976, 302.205488
246.686011, 300.890654
248.727439, 299.537195
250.891941, 298.144689
252.986602, 296.902558
255.093009, 295.506991
257.112943, 294.136142
259.215422, 292.873929
261.355881, 291.506399
263.370348, 290.139719
265.465528, 288.845638
267.536868, 287.440585
269.609385, 286.123705
271.666870, 284.828554
273.714373, 283.477467
275.876829, 282.089024
277.931056, 280.857230
280.057108, 279.445322
282.078001, 278.066423
284.218559, 276.823565
286.325624, 275.401704
288.336797, 274.056235
290.424298, 272.706960
292.466829, 271.323189
294.540293, 270.000000
296.589884, 268.677026
298.632093, 267.276388
300.789120, 265.959046
302.727439, 264.537195
304.871873, 263.134228
306.941499, 261.895795
309.000000, 260.430218
311.013398, 259.048721
313.122412, 257.698538
315.158633, 256.181208
317.165446, 254.942613
319.285627, 253.477467
321.213325, 252.017115
323.359537, 250.660573
325.313606, 249.190970
327.324786, 247.800366
329.379268, 246.309756
331.354701, 244.889499
333.355271, 243.364412
335.313989, 241.890654
337.338818, 240.385740
339.211138, 238.916157
341.179878, 237.313415
343.037897, 235.837408
344.941499, 234.104205
346.725944, 232.500000
348.570470, 230.824283
350.348809, 229.064142
352.000000, 227.103595
353.528981, 225.262965
354.788120, 223.138396
355.500000, 220.843712
355.194988, 219.000000
354.295800, 217.531954
352.823278, 216.351005
351.375381, 215.442413
349.632093, 214.723612
347.986618, 214.072993
346.338818, 213.614260
344.500000, 213.156288
342.708002, 212.826512
340.931832, 212.479002
339.223378, 212.159119
337.387057, 211.939560
335.559560, 211.764203
333.741778, 211.557856
332.080999, 211.404385
330.314251, 211.245432
328.453659, 211.146341
326.635919, 211.086133
324.820403, 211.000000
323.013398, 210.951279
321.253978, 210.901469
319.453659, 210.853659
317.634146, 210.848171
315.831907, 210.852078
314.000000, 210.896405
312.265443, 210.837309
310.453659, 210.853659
308.618293, 210.886585
306.822453, 210.976205
305.015805, 210.978723
303.209174, 211.004893
301.429792, 211.092796
299.629652, 211.139719
297.819792, 211.155773
296.045205, 211.256567
294.323189, 211.426050
292.463132, 211.559415
290.607688, 211.661989
288.835165, 211.843712
287.028641, 211.901280
285.223378, 212.000000
283.473138, 212.128205
281.631868, 212.263736
279.794762, 212.412911
278.133739, 212.539210
276.368293, 212.710976
274.488088, 212.874771
272.713850, 213.021965
270.902379, 213.135448
269.161487, 213.372334
267.357927, 213.585976
265.528083, 213.761905
263.786675, 213.982885
261.971359, 214.098720
260.225944, 214.327649
258.404268, 214.565854
256.545177, 214.768620
254.805012, 215.000000
253.000000, 215.103595
251.304692, 215.444241
249.437538, 215.675198
247.630872, 215.893838
245.892139, 216.089580
244.111517, 216.379037
242.355271, 216.635588
240.511912, 216.874771
238.691932, 217.121027
236.904443, 217.400487
235.254568, 217.712546
233.387057, 217.939560
231.577181, 218.215985
229.786845, 218.500000
228.045122, 218.889634
226.313989, 219.109346
224.500000, 219.398295
222.644512, 219.731098
220.984195, 220.021277
219.289105, 220.346318
217.437538, 220.675198
215.663614, 221.000000
213.820122, 221.313415
212.150610, 221.692683
210.327439, 222.018902
208.579525, 222.341865
206.742526, 222.809030
205.013382, 223.072993
203.347959, 223.471664
201.526862, 223.871795
199.727717, 224.187424
198.009141, 224.683120
196.213325, 225.017115
194.514338, 225.425259
192.769890, 225.939412
191.014661, 226.253513
189.313606, 226.809030
187.532642, 227.201342
185.673358, 227.696472
184.013398, 228.097442
182.355271, 228.635588
180.574390, 229.109756
178.785018, 229.629111
177.088970, 230.101158
175.424298, 230.706960
173.657927, 231.220122
172.000000, 231.896405
170.338818, 232.385740
168.605617, 233.022589
166.867844, 233.654080
165.320341, 234.269793
163.579365, 234.965812
161.943868, 235.790116
160.332724, 236.434491
158.635143, 237.251373
157.032887, 238.062119
155.507617, 239.010969
153.990279, 239.990279
152.532682, 241.072694
151.233965, 242.176542
149.942892, 243.554678
149.017651, 245.060864
148.500000, 246.843712
148.619744, 249.322364
149.545177, 251.768620
150.820403, 254.000000
152.313989, 256.109346
153.937272, 258.087089
155.676632, 260.006711
157.466748, 261.860281
159.377439, 263.665244
161.320341, 265.370280
163.173382, 267.011600
165.163004, 268.773504
167.165955, 270.308115
169.162805, 271.972561
171.243902, 273.500000
173.213325, 275.017115
175.366077, 276.596705
177.401829, 278.096341
179.500000, 279.601705
181.570208, 281.092796
183.643075, 282.552166
185.820403, 284.000000
187.904559, 285.425532
190.077392, 286.909202
192.304878, 288.254878
194.410006, 289.702257
196.522616, 291.116137
198.630938, 292.500000
200.887805, 293.922561
203.025031, 295.194139
205.320341, 296.629720
207.381563, 298.000000
209.562462, 299.324802
211.679659, 300.730207
213.986602, 302.048721
216.220803, 303.391727
218.409896, 304.727550
220.558267, 306.084808
222.687766, 307.381010
224.974969, 308.805861
227.179597, 310.000000
229.410976, 311.310366
231.589884, 312.677026
233.822453, 313.976205
236.068944, 315.142770
238.330694, 316.552984
240.500000, 317.843712
242.686011, 319.109346
244.904443, 320.400487
247.262485, 321.736297
249.383771, 322.968273
251.601954, 324.264347
253.796229, 325.520681
256.089744, 326.875458
258.356357, 328.075183
260.576571, 329.305674
262.735043, 330.613553
265.058644, 331.923030
267.311084, 333.117575
269.539450, 334.387768
271.713673, 335.738197
274.043983, 336.942578
276.269042, 338.124079
278.516564, 339.484663
280.723587, 340.758600
283.017167, 341.981606
285.264000, 343.152615
287.500000, 344.474785
289.712346, 345.804321
291.969809, 346.996919
294.257885, 348.201608
296.489834, 349.509550
298.728677, 350.804697
300.984549, 352.000000
303.229386, 353.233726
305.476485, 354.566832
307.698265, 355.838290
309.945376, 357.052762
312.215308, 358.285625
314.443754, 359.614046
316.658597, 360.891993
318.869077, 362.172070
321.052201, 363.483019
323.329375, 364.750625
325.500000, 366.020000
327.766813, 367.356380
329.978576, 368.632010
332.179471, 370.009446
334.295641, 371.406191
336.500000, 372.800757
336.500000, 372.800253
336.484484, 372.822039
336.488889, 372.806984
336.456209, 372.775817
0.000000, 0.000000
0.000000, 0.000000
0.000000, 0.000000
0.000000, 0.000000
0.000000, 0.000000
0.000000, 0.000000
0.000000, 0.000000
0.000000, 0.000000
0.000000, 0.000000
0.000000, 0.000000
0.000000, 0.000000
0.000000, 0.000000
0.000000, 0.000000
0.000000, 0.000000
0.000000, 0.000000
0.000000, 0.000000
0.000000, 0.000000
0.000000, 0.000000
0.000000, 0.000000
0.000000, 0.000000
0.000000, 0.000000
0.000000, 0.000000
0.000000, 0.000000
0.000000, 0.000000
0.000000, 0.000000
0.000000, 0.000000
0.000000, 0.000000
0.000000, 0.000000
0.000000, 0.000000
0.000000, 0.000000
0.000000, 0.000000
0.000000, 0.000000
0.000000, 0.000000
0.000000, 0.000000
0.000000, 0.000000
0.000000, 0.000000
0.000000, 0.000000
0.000000, 0.000000
0.000000, 0.000000
0.000000, 0.000000
0.000000, 0.000000
0.000000, 0.000000
0.000000, 0.000000
0.000000, 0.000000
0.000000, 0.000000
0.000000, 0.000000
0.000000, 0.000000
0.000000, 0.000000
0.000000, 0.000000
0.000000, 0.000000
0.000000, 0.000000
0.000000, 0.000000
0.000000, 0.000000
0.000000, 0.000000
0.000000, 0.000000
0.000000, 0.000000
0.000000, 0.000000
0.000000, 0.000000
0.000000, 0.000000
0.000000, 0.000000
0.000000, 0.000000
0.000000, 0.000000
0.000000, 0.000000
0.000000, 0.000000
0.000000, 0.000000
0.000000, 0.000000
0.000000, 0.000000
